1 25 24 10 17 7 29 9 28 -1
2 6 23 28 8 26 14 -1
3 9 23 11 22 24 28 -1
4 1 6 12 29 22 8 -1
5 3 14 21 18 15 11 22 10 -1
6 24 16 17 1 30 20 2 29 -1
7 6 15 16 24 1 30 -1
8 19 23 18 9 3 27 30 -1
9 20 24 22 9 14 21 4 -1
10 7 14 17 28 29 8 18 -1
11 7 20 6 21 24 29 -1
12 13 27 12 9 17 -1
13 23 19 30 6 4 8 -1
14 8 27 15 21 13 18 24 25 -1
15 10 14 3 24 20 12 -1
16 9 28 29 7 24 12 -1
17 29 22 16 14 13 21 -1
18 5 2 29 1 8 18 10 21 -1
19 29 21 3 15 20 8 -1
20 5 26 -1
-1
1 0.5 0.5 
2 4.5 0.5
3 4.5 4.5
4 0.5 4.5
5 4.5 2.5
-1
