1 28 108 61 29 147 47 -1
2 18 55 46 59 85 2 -1
3 38 114 7 33 54 143 32 -1
4 137 85 10 2 29 126 -1
5 125 31 3 150 128 50 64 -1
6 92 147 75 51 59 93 -1
7 56 40 3 96 10 89 81 -1
8 49 75 148 25 76 36 130 -1
9 42 99 48 29 35 107 -1
10 51 99 50 18 102 110 -1
11 7 59 127 78 108 43 116 -1
12 137 8 108 105 98 39 -1
13 107 14 20 28 110 -1
14 71 141 38 2 94 132 95 -1
15 104 49 32 114 15 128 -1
16 101 144 145 42 1 38 -1
17 130 46 144 28 113 149 94 -1
18 22 119 61 26 16 89 48 -1
19 32 40 59 110 28 -1
20 52 5 2 64 112 48 107 -1
21 40 113 56 5 83 66 143 -1
22 125 39 134 149 101 124 -1
23 135 98 33 22 86 73 -1
24 108 57 61 94 31 75 -1
25 90 99 60 120 1 23 -1
26 95 119 2 6 64 31 75 -1
27 107 27 99 75 43 37 1 -1
28 49 125 38 63 145 97 -1
29 119 134 85 1 5 121 -1
30 2 82 129 55 126 111 -1
31 147 71 115 100 125 45 -1
32 101 68 14 8 32 124 -1
33 15 91 12 35 148 134 16 -1
34 100 20 47 31 52 49 -1
35 10 101 92 6 71 19 -1
36 105 73 23 85 59 -1
37 89 1 120 87 112 118 66 -1
38 19 46 9 14 111 47 70 -1
39 56 23 102 100 88 47 -1
40 32 92 86 107 40 63 -1
41 54 82 131 46 6 77 64 -1
42 95 53 48 36 41 144 94 -1
43 130 134 76 74 57 35 -1
44 50 110 65 47 28 15 -1
45 105 121 29 140 17 37 -1
46 29 54 126 98 115 83 93 -1
47 38 68 143 27 128 61 -1
48 2 7 123 145 122 24 96 -1
49 144 65 109 36 7 13 132 -1
50 143 136 96 85 124 24 -1
51 32 108 72 22 38 94 23 -1
52 42 78 68 103 8 46 -1
53 6 33 2 102 5 -1
54 1 8 146 74 23 84 -1
55 100 130 139 113 31 131 2 -1
56 99 94 137 40 115 105 67 -1
57 67 15 119 120 27 18 -1
58 23 55 125 68 18 20 -1
59 115 6 139 24 118 98 -1
60 114 87 27 51 95 73 54 -1
61 39 106 100 35 62 30 101 -1
62 95 98 104 65 124 141 -1
63 90 128 104 29 43 133 -1
64 122 98 99 140 125 42 118 -1
65 34 148 137 65 67 30 129 -1
66 131 46 17 104 43 117 -1
67 107 77 1 75 26 101 4 -1
68 34 82 75 22 112 7 -1
69 130 127 55 123 36 17 -1
70 1 92 104 79 120 82 -1
71 96 14 36 120 132 127 110 -1
72 104 99 120 22 40 28 -1
73 97 102 112 144 55 41 28 -1
74 60 126 56 80 92 49 69 -1
75 91 132 94 34 12 109 -1
76 16 150 7 48 1 33 -1
77 149 4 49 145 9 63 -1
78 63 31 139 99 62 137 -1
79 52 49 144 136 120 14 45 -1
80 77 2 50 135 97 122 -1
81 92 54 10 81 36 7 -1
82 72 9 108 82 104 35 148 -1
83 34 77 135 106 109 84 -1
84 95 39 60 144 58 25 -1
85 85 78 19 79 4 57 110 -1
86 137 4 11 18 67 116 143 -1
87 21 8 139 83 114 142 23 -1
88 50 99 59 118 22 16 80 -1
89 91 19 85 146 111 21 51 -1
90 74 96 47 80 43 145 -1
91 86 139 10 142 67 25 -1
92 103 20 31 60 54 5 37 -1
93 42 85 67 50 61 110 31 -1
94 110 90 32 114 75 138 -1
95 140 45 81 84 24 115 -1
96 57 79 51 7 54 100 -1
97 90 96 113 135 8 128 -1
98 147 125 31 44 54 18 -1
99 65 131 69 140 96 14 58 -1
100 11 13 44 53 70 88 117 133 138 -1
-1
1 0.5 0.5
2 2.5 0.5
3 5.5 0.5
4 9.5 0.5
5 0.5 2.5
6 0.5 5.5
7 0.5 7.5
8 0.5 9.5
9 1.5 9.5
10 2.5 9.5
11 9.5 9.5
12 9.5 2.5
13 9.5 5.5
14 9.5 7.5
15 9.5 8.5
-1
