1 141 452 14 207 133 496 397 -1
2 393 239 444 208 304 355 2 -1
3 364 48 297 148 206 288 177 -1
4 85 354 326 450 5 365 181 -1
5 18 178 400 183 371 224 77 -1
6 414 43 412 98 200 189 -1
7 400 229 285 269 249 226 458 -1
8 386 68 106 427 308 405 66 -1
9 217 29 92 326 241 42 -1
10 481 121 280 58 149 16 195 -1
11 486 77 402 83 250 470 260 -1
12 363 458 278 398 251 349 -1
13 90 371 194 269 426 198 447 -1
14 78 380 112 462 248 386 -1
15 89 47 44 341 14 73 -1
16 468 421 104 337 73 444 378 -1
17 4 253 408 322 152 232 -1
18 20 127 475 47 80 259 215 -1
19 492 463 412 462 272 29 37 -1
20 342 9 82 140 431 178 336 -1
21 344 418 151 115 127 137 -1
22 457 405 416 42 159 308 396 -1
23 270 239 399 373 5 222 -1
24 41 478 150 135 495 453 -1
25 187 327 2 460 363 374 322 -1
26 322 218 62 226 357 444 382 -1
27 410 469 440 278 302 333 -1
28 461 176 26 12 228 499 -1
29 298 187 255 89 336 6 117 -1
30 278 26 496 366 434 158 288 -1
31 333 413 135 50 143 73 -1
32 68 56 14 2 62 464 486 -1
33 79 372 56 121 168 196 -1
34 82 117 492 402 430 335 -1
35 367 269 9 225 277 454 65 -1
36 33 464 63 405 298 39 496 -1
37 170 283 24 133 343 274 178 -1
38 143 369 403 100 115 386 288 -1
39 85 300 273 362 137 346 455 -1
40 105 415 87 110 279 477 469 -1
41 238 407 418 287 324 192 378 -1
42 260 125 259 229 487 3 333 -1
43 333 84 134 443 227 130 -1
44 308 68 171 303 139 129 -1
45 7 52 487 8 242 219 109 -1
46 377 383 13 326 368 93 134 -1
47 476 195 35 75 199 420 179 -1
48 2 236 287 306 164 211 -1
49 283 413 110 215 135 310 -1
50 250 124 210 282 238 308 -1
51 100 310 202 24 441 274 71 -1
52 172 127 179 496 340 166 -1
53 334 112 464 196 236 339 -1
54 445 309 426 403 202 47 -1
55 195 270 341 190 372 351 177 -1
56 441 99 178 222 485 227 -1
57 461 61 150 404 375 490 -1
58 47 407 326 199 177 236 286 -1
59 276 220 298 8 348 170 -1
60 264 54 421 27 334 367 -1
61 148 102 387 217 397 144 131 -1
62 176 248 283 356 420 429 -1
63 270 186 20 211 289 182 -1
64 442 302 143 285 413 490 -1
65 321 328 286 368 375 150 18 -1
66 322 464 51 12 385 402 -1
67 344 16 255 301 268 271 182 -1
68 340 498 227 370 286 54 -1
69 496 161 224 281 392 56 58 -1
70 315 53 109 105 95 319 344 -1
71 481 304 433 385 397 425 -1
72 248 232 102 140 116 4 -1
73 90 441 162 308 378 368 321 -1
74 232 105 297 478 315 348 213 -1
75 421 384 18 297 410 377 -1
76 60 289 128 181 407 408 492 -1
77 260 441 170 151 376 434 -1
78 20 369 325 303 216 123 -1
79 354 80 151 91 463 385 259 -1
80 183 178 56 223 402 61 95 -1
81 337 393 377 346 312 41 -1
82 29 234 31 96 495 208 452 -1
83 339 70 493 451 390 37 -1
84 116 81 444 101 202 103 131 -1
85 302 167 310 28 196 21 -1
86 373 383 77 43 167 97 -1
87 440 484 195 280 341 263 -1
88 240 456 355 10 466 308 -1
89 337 31 113 261 85 244 -1
90 27 256 104 370 211 94 -1
91 77 371 328 355 59 28 44 -1
92 395 468 61 89 134 410 348 -1
93 386 71 287 206 164 401 325 -1
94 455 245 318 270 25 33 298 -1
95 12 151 237 373 68 97 200 -1
96 383 298 363 379 221 265 -1
97 398 315 263 497 242 353 391 -1
98 124 383 436 182 442 418 -1
99 51 251 345 152 103 335 317 -1
100 78 49 218 19 149 228 128 -1
101 121 292 155 470 294 387 302 -1
102 463 130 459 416 203 371 184 -1
103 186 440 385 483 325 129 167 -1
104 9 335 202 113 282 138 115 -1
105 391 425 302 299 19 66 -1
106 373 457 17 12 397 483 -1
107 176 378 387 7 118 418 53 -1
108 360 23 358 443 476 233 -1
109 340 436 239 458 492 23 -1
110 134 487 168 458 244 412 352 -1
111 172 364 465 390 238 36 -1
112 297 332 473 96 342 157 292 -1
113 149 112 157 262 189 103 390 -1
114 139 455 85 426 5 217 -1
115 32 90 459 28 236 247 492 -1
116 379 369 491 316 66 175 35 -1
117 491 477 259 149 112 468 10 -1
118 8 488 261 51 256 231 -1
119 68 491 34 5 247 327 236 -1
120 39 465 341 36 456 188 389 -1
121 498 33 395 82 275 56 -1
122 327 263 275 32 36 203 257 -1
123 429 166 284 209 62 158 155 -1
124 200 181 302 367 296 420 -1
125 345 41 327 21 136 444 343 -1
126 312 83 56 305 204 80 439 -1
127 135 212 445 197 432 38 20 -1
128 493 492 189 296 239 69 471 -1
129 125 184 143 257 481 322 -1
130 356 446 198 497 375 387 253 -1
131 335 440 377 90 452 212 -1
132 164 435 112 444 347 365 -1
133 19 36 308 353 267 396 -1
134 16 494 329 184 102 333 -1
135 182 485 91 28 391 149 -1
136 218 291 352 69 341 500 345 -1
137 104 14 384 81 355 82 379 -1
138 404 194 397 293 419 325 -1
139 346 1 480 328 54 430 -1
140 71 331 100 160 192 399 225 -1
141 107 46 427 99 384 111 -1
142 187 62 365 425 47 376 -1
143 105 15 124 83 148 10 -1
144 147 45 335 285 314 380 -1
145 228 388 311 362 58 391 469 -1
146 446 39 135 378 409 316 338 -1
147 335 345 193 376 332 272 -1
148 493 360 169 109 336 421 443 -1
149 205 375 496 466 107 139 -1
150 288 453 281 419 42 -1
151 174 199 214 82 216 269 491 -1
152 261 416 406 455 342 24 -1
153 170 394 362 46 111 425 382 -1
154 147 228 370 381 17 142 384 -1
155 144 500 415 35 154 405 -1
156 253 292 351 13 315 166 -1
157 434 109 278 265 118 404 -1
158 256 176 354 105 143 216 -1
159 262 479 456 216 462 269 284 -1
160 385 68 141 217 451 474 253 -1
161 240 24 382 303 258 321 -1
162 463 108 29 392 60 165 5 -1
163 152 373 364 211 84 52 -1
164 162 460 475 284 482 236 224 -1
165 202 175 24 495 306 397 93 -1
166 445 75 305 6 154 14 314 -1
167 175 487 174 497 15 173 -1
168 141 490 384 329 263 18 -1
169 286 192 474 380 119 431 -1
170 27 158 185 292 232 441 -1
171 220 452 111 455 401 293 363 -1
172 370 48 129 296 445 161 -1
173 110 60 469 97 257 357 96 -1
174 248 177 35 128 241 238 136 -1
175 147 183 475 217 48 187 214 -1
176 205 224 500 257 495 462 424 -1
177 414 53 266 52 71 120 26 -1
178 456 196 433 103 322 121 149 -1
179 488 76 334 471 282 333 -1
180 421 80 499 402 15 301 -1
181 141 338 390 348 412 286 5 -1
182 479 404 426 195 220 228 -1
183 115 333 332 241 125 104 251 -1
184 348 265 30 401 72 27 -1
185 178 392 73 74 341 253 30 -1
186 392 372 45 368 30 391 254 -1
187 275 143 373 317 393 404 -1
188 379 130 422 126 210 46 -1
189 61 235 481 294 203 6 189 -1
190 422 387 132 105 316 5 -1
191 475 477 219 327 30 93 306 -1
192 140 110 318 304 464 69 -1
193 300 84 81 289 230 357 -1
194 312 311 110 81 375 129 93 -1
195 282 136 481 204 275 372 151 -1
196 178 401 418 203 406 188 446 -1
197 382 34 433 233 64 408 -1
198 145 487 446 239 453 168 -1
199 467 26 38 451 486 253 429 -1
200 329 500 343 254 35 26 -1
201 232 304 306 437 132 118 363 -1
202 60 284 290 249 415 353 227 -1
203 137 497 346 221 449 397 -1
204 443 439 218 315 8 4 -1
205 162 471 407 142 167 470 427 -1
206 360 17 405 469 79 465 403 -1
207 389 132 337 168 416 449 -1
208 138 333 282 436 396 70 -1
209 235 324 209 78 494 145 -1
210 379 293 445 230 247 34 196 -1
211 60 325 292 258 478 438 387 -1
212 93 62 353 332 129 193 -1
213 396 409 285 274 379 350 -1
214 117 399 269 161 175 467 413 -1
215 382 65 165 115 496 213 -1
216 436 267 433 246 112 207 329 -1
217 156 112 238 77 376 144 -1
218 131 20 116 196 127 36 -1
219 54 469 124 280 352 97 484 -1
220 496 352 327 495 280 33 -1
221 444 35 378 319 485 186 -1
222 393 486 167 85 382 130 183 -1
223 399 387 480 16 261 315 385 -1
224 498 96 169 124 47 224 -1
225 243 490 132 197 107 316 -1
226 81 31 160 323 300 369 101 -1
227 49 256 36 287 48 55 484 -1
228 59 32 255 133 171 172 -1
229 349 84 165 390 145 493 481 -1
230 164 47 442 256 482 192 495 -1
231 417 419 118 42 208 377 -1
232 451 247 74 29 284 159 -1
233 66 246 17 61 303 70 -1
234 145 281 491 382 106 53 57 -1
235 274 285 452 271 10 144 306 -1
236 133 282 293 405 41 169 -1
237 381 250 249 244 180 51 -1
238 184 91 354 72 158 122 -1
239 147 28 308 165 420 180 203 -1
240 91 353 320 330 349 39 -1
241 32 339 236 42 500 50 -1
242 13 390 322 294 368 142 223 -1
243 210 376 46 149 427 307 -1
244 233 167 298 98 275 403 -1
245 302 128 389 190 468 68 231 -1
246 390 103 127 486 2 118 -1
247 251 490 107 39 132 124 -1
248 190 80 348 60 132 98 109 -1
249 181 391 333 404 196 410 205 -1
250 342 356 430 365 91 113 -1
251 125 144 218 338 4 57 -1
252 463 109 13 129 26 90 246 -1
253 271 258 262 470 364 347 401 -1
254 375 178 464 478 398 142 41 -1
255 458 192 265 338 258 226 -1
256 246 419 273 306 163 285 -1
257 187 297 40 135 58 423 -1
258 292 349 392 459 473 430 -1
259 347 156 100 50 329 108 82 -1
260 326 430 139 167 327 330 -1
261 226 240 470 386 248 73 463 -1
262 312 382 155 209 344 88 280 -1
263 93 132 376 184 346 144 -1
264 216 264 103 210 155 118 403 -1
265 462 204 270 452 290 383 -1
266 396 215 100 9 13 6 111 -1
267 397 221 89 153 282 475 -1
268 463 317 338 235 334 414 39 -1
269 409 451 278 138 90 273 -1
270 340 414 433 222 43 494 -1
271 368 83 171 53 252 475 306 -1
272 417 303 107 275 143 138 459 -1
273 330 3 227 40 78 118 -1
274 9 471 372 409 307 218 327 -1
275 473 57 412 471 122 365 -1
276 382 319 314 24 309 308 -1
277 147 306 451 162 33 260 -1
278 391 80 483 259 240 14 -1
279 497 500 100 163 269 140 433 -1
280 213 87 18 376 174 462 107 -1
281 229 365 241 313 453 174 340 -1
282 472 6 276 177 443 241 -1
283 344 184 414 474 19 190 -1
284 45 463 465 391 420 31 -1
285 469 230 2 111 62 483 243 -1
286 80 6 345 280 62 312 60 -1
287 224 440 451 303 104 385 -1
288 295 270 371 77 256 1 -1
289 186 287 435 130 399 113 -1
290 287 273 22 178 283 396 -1
291 116 486 403 487 434 465 110 -1
292 300 84 246 274 53 439 402 -1
293 285 245 168 14 272 492 -1
294 277 397 435 192 267 50 -1
295 36 130 434 179 258 143 -1
296 164 42 378 387 492 325 330 -1
297 138 50 370 495 464 487 -1
298 399 417 134 67 482 85 -1
299 80 200 412 482 249 244 64 -1
300 285 349 486 352 398 6 173 -1
301 67 150 208 318 393 109 447 -1
302 382 55 233 499 370 163 -1
303 336 360 381 97 100 160 -1
304 362 423 175 302 408 76 -1
305 438 178 45 131 254 491 402 -1
306 7 51 330 429 4 395 -1
307 243 50 413 498 490 364 389 -1
308 120 418 408 297 279 431 -1
309 453 228 27 8 18 371 -1
310 220 363 103 255 224 206 -1
311 351 217 65 120 49 281 90 -1
312 396 360 306 157 472 272 56 -1
313 104 498 132 33 379 447 418 -1
314 6 78 132 199 227 122 98 -1
315 249 200 480 264 299 9 275 -1
316 92 242 376 449 208 191 436 -1
317 54 250 97 117 96 8 -1
318 281 373 282 262 440 325 165 -1
319 258 221 192 67 188 273 58 -1
320 186 27 496 165 500 20 53 -1
321 290 362 407 43 286 296 -1
322 117 196 30 445 213 195 44 -1
323 149 450 368 137 228 307 276 -1
324 137 32 254 275 44 361 -1
325 190 274 337 446 484 456 -1
326 164 268 436 158 159 459 394 -1
327 133 484 492 455 200 163 101 -1
328 108 454 249 118 27 45 -1
329 132 478 223 335 108 298 433 -1
330 139 287 388 457 204 334 -1
331 232 462 106 402 91 137 -1
332 256 417 315 137 110 353 154 -1
333 101 485 17 77 226 454 36 -1
334 325 3 349 21 212 341 -1
335 487 11 497 476 338 370 -1
336 94 375 278 192 112 21 -1
337 75 311 233 361 162 423 431 -1
338 344 352 1 167 182 141 -1
339 149 152 191 67 156 4 19 -1
340 182 205 39 61 489 327 353 -1
341 139 105 395 299 216 33 -1
342 247 481 357 89 439 452 324 -1
343 367 288 256 6 460 491 -1
344 196 470 94 496 83 352 -1
345 165 446 219 424 474 -1
346 277 91 174 341 278 239 406 -1
347 194 331 137 34 187 81 -1
348 163 227 435 160 259 355 -1
349 471 337 314 444 43 191 -1
350 1 485 200 178 6 313 15 -1
351 453 70 363 316 232 490 -1
352 468 476 175 278 439 190 437 -1
353 386 449 235 7 247 349 176 -1
354 44 330 128 298 347 160 -1
355 147 397 144 143 237 337 -1
356 469 374 351 355 105 99 -1
357 481 117 196 365 251 186 110 -1
358 408 433 224 160 39 409 -1
359 25 190 247 436 371 237 490 -1
360 102 343 131 471 39 470 444 -1
361 122 121 278 422 413 11 -1
362 442 13 454 388 174 146 384 -1
363 417 177 328 170 204 64 -1
364 29 314 454 402 303 220 347 -1
365 141 311 347 115 261 27 62 -1
366 279 224 438 313 435 92 188 -1
367 449 271 54 274 302 5 430 -1
368 489 434 118 243 221 228 -1
369 303 65 180 239 288 41 406 -1
370 426 220 323 7 464 284 415 -1
371 345 362 223 142 368 90 -1
372 153 283 417 222 38 244 445 -1
373 60 308 305 268 7 309 435 -1
374 293 308 27 49 423 440 359 -1
375 329 491 378 163 250 297 -1
376 381 464 29 191 384 416 -1
377 309 239 101 236 27 424 242 -1
378 416 200 457 171 423 304 196 -1
379 362 75 486 269 70 433 -1
380 95 108 493 132 470 278 -1
381 213 10 152 234 440 466 157 -1
382 189 420 269 240 424 445 154 -1
383 472 218 240 18 21 265 488 -1
384 456 187 496 79 372 162 -1
385 99 350 393 87 65 118 -1
386 115 112 288 201 337 289 -1
387 128 339 169 168 86 312 105 -1
388 55 279 152 134 218 420 216 -1
389 100 59 199 362 148 49 404 -1
390 112 377 367 236 192 126 -1
391 488 204 217 37 214 304 -1
392 85 16 399 242 432 175 425 -1
393 301 117 389 30 392 266 431 -1
394 150 95 80 91 195 313 346 -1
395 114 97 376 499 100 102 69 -1
396 162 321 68 72 95 396 -1
397 300 316 447 359 160 390 374 -1
398 186 137 493 416 13 146 232 -1
399 166 467 462 380 118 164 27 -1
400 22 63 86 88 114 119 123 185 201 252 291 295 -1
-1
1 0.5 0.5
2 4.5 0.5
3 7.5 0.5
4 13.5 0.5
5 17.5 0.5
6 19.5 2.5
7 19.5 5.5
8 19.5 7.5
9 19.5 18.5
10 19.5 19.5
11 17.5 19.5
12 13.5 19.5
13 7.5 19.5
14 3.5 19.5
15 0.5 18.5
16 0.5 16.5
17 0.5 7.5
18 0.5 4.5
19 0.5 3.5
20 0.5 1.5
-1
