1 818 523 102 474 823 677 702 -1
2 20 158 301 779 28 286 -1
3 965 588 1 942 256 142 -1
4 459 320 777 422 858 482 -1
5 367 707 895 743 953 775 -1
6 779 490 476 317 133 724 -1
7 631 496 944 433 672 521 -1
8 89 868 411 904 924 756 -1
9 91 707 527 683 657 176 371 -1
10 602 569 28 902 580 929 -1
11 379 206 125 234 626 98 -1
12 628 799 209 406 881 48 -1
13 404 100 203 704 765 142 -1
14 699 904 299 88 420 499 -1
15 477 505 239 410 253 190 -1
16 510 564 558 22 252 98 150 -1
17 967 436 473 767 903 576 -1
18 355 587 299 582 861 704 -1
19 997 717 243 424 847 592 218 -1
20 396 60 175 354 599 215 -1
21 208 254 385 203 915 580 202 -1
22 548 690 632 750 368 339 13 -1
23 664 148 533 893 618 761 -1
24 273 95 964 22 510 835 415 -1
25 881 560 753 606 403 17 413 -1
26 106 514 615 766 950 1000 -1
27 185 457 981 285 709 454 157 -1
28 698 506 880 181 493 840 -1
29 822 304 951 882 746 842 793 -1
30 770 551 967 905 647 786 712 -1
31 413 152 646 729 102 555 114 -1
32 814 569 936 829 123 87 -1
33 465 695 191 389 476 477 -1
34 511 413 28 655 443 332 973 -1
35 989 357 359 443 703 283 53 -1
36 693 971 573 506 866 977 -1
37 252 821 166 642 253 537 637 -1
38 951 443 500 765 969 143 986 -1
39 567 350 79 413 378 577 -1
40 132 223 81 18 806 978 -1
41 793 448 539 401 419 168 -1
42 687 267 894 887 106 747 -1
43 843 784 591 512 613 791 98 -1
44 162 729 462 152 758 535 242 -1
45 820 357 396 738 293 105 -1
46 964 711 151 623 3 554 409 -1
47 965 604 778 461 19 450 190 -1
48 139 347 799 168 636 896 331 -1
49 902 185 163 244 291 540 230 -1
50 793 115 551 702 547 395 693 -1
51 242 45 311 106 169 434 496 -1
52 945 829 750 70 487 543 -1
53 733 440 890 756 451 294 -1
54 590 864 674 247 335 730 -1
55 769 424 646 463 248 435 886 -1
56 55 530 922 976 209 551 660 -1
57 388 515 633 590 447 3 -1
58 776 569 287 294 724 926 -1
59 250 763 433 11 58 544 -1
60 71 496 110 186 600 180 760 -1
61 448 894 875 611 513 86 91 -1
62 915 50 838 477 192 707 -1
63 725 950 237 896 870 762 -1
64 477 580 434 740 506 509 -1
65 20 481 964 400 274 917 311 -1
66 161 335 918 386 624 795 -1
67 2 774 885 173 460 775 242 -1
68 529 857 945 425 207 486 -1
69 396 581 411 564 599 401 -1
70 357 19 29 928 965 885 924 -1
71 732 48 353 884 297 968 -1
72 784 579 904 550 573 30 -1
73 969 293 837 751 990 701 497 -1
74 168 829 952 793 958 365 822 -1
75 904 201 965 864 509 460 -1
76 725 494 291 196 684 975 -1
77 522 341 377 213 990 302 -1
78 240 358 144 722 729 782 393 -1
79 867 740 857 806 515 915 41 -1
80 520 119 724 224 760 455 -1
81 589 831 327 148 604 273 561 -1
82 74 498 577 834 335 497 757 -1
83 613 881 688 69 970 798 -1
84 661 489 972 754 192 393 965 -1
85 224 284 468 214 527 -1
86 892 20 71 165 418 776 -1
87 189 407 254 206 139 758 -1
88 351 382 273 779 66 148 -1
89 600 719 925 770 904 361 978 -1
90 487 172 405 311 842 145 -1
91 682 267 464 238 466 282 933 -1
92 508 238 777 635 643 -1
93 78 776 478 495 375 376 -1
94 430 838 635 86 913 181 -1
95 964 520 134 132 926 674 651 -1
96 595 814 502 139 793 210 493 -1
97 806 636 4 93 251 303 -1
98 579 65 289 392 692 152 -1
99 196 806 688 157 690 141 973 -1
100 496 728 979 147 270 33 651 -1
101 918 544 477 241 624 439 594 -1
102 11 129 431 409 350 337 -1
103 378 195 993 518 306 287 70 -1
104 199 200 614 701 222 383 -1
105 567 225 784 817 873 503 -1
106 226 809 9 285 406 572 242 -1
107 147 37 922 968 285 655 -1
108 862 852 700 632 140 927 -1
109 471 94 673 813 825 685 -1
110 806 318 708 485 717 784 -1
111 722 969 277 205 393 997 -1
112 559 844 950 631 946 319 150 -1
113 39 581 230 561 271 744 978 -1
114 172 410 167 361 450 723 -1
115 682 51 154 647 300 679 218 -1
116 705 151 199 815 174 684 735 -1
117 604 659 651 647 933 927 231 -1
118 521 911 455 752 934 109 270 -1
119 1 281 414 319 329 406 -1
120 522 244 128 453 585 787 -1
121 61 95 670 302 455 534 276 -1
122 575 566 835 274 491 793 -1
123 266 581 937 340 163 257 857 -1
124 330 374 131 170 812 148 848 -1
125 335 439 366 17 602 413 -1
126 445 454 893 470 546 850 511 -1
127 77 962 28 626 214 513 919 -1
128 173 656 424 198 231 379 298 -1
129 323 645 401 794 465 125 -1
130 237 324 476 948 621 616 -1
131 85 504 956 117 652 584 -1
132 459 92 4 384 966 553 242 -1
133 444 69 89 962 867 296 945 -1
134 269 620 590 122 135 458 -1
135 182 638 58 516 649 686 393 -1
136 322 928 938 88 119 695 507 -1
137 768 830 634 799 456 632 -1
138 168 533 961 946 57 620 -1
139 263 970 351 690 672 685 -1
140 53 291 910 543 183 632 -1
141 934 484 86 306 720 5 -1
142 816 805 570 521 69 902 658 -1
143 856 853 969 828 886 516 139 -1
144 162 77 161 947 915 913 -1
145 954 805 878 7 894 495 699 -1
146 325 739 744 635 755 260 -1
147 472 885 735 93 606 1000 -1
148 756 314 583 462 890 241 715 -1
149 366 358 570 906 907 874 127 -1
150 198 143 800 258 583 670 -1
151 718 652 40 787 125 520 -1
152 338 152 45 572 543 157 155 -1
153 225 518 47 215 302 89 -1
154 747 666 533 811 306 31 -1
155 793 318 326 314 727 665 108 -1
156 795 612 937 609 241 30 789 -1
157 264 776 137 69 451 410 -1
158 547 843 803 862 13 -1
159 96 795 761 346 960 281 -1
160 765 29 94 181 751 989 -1
161 226 982 616 162 997 256 -1
162 83 358 109 419 176 431 597 -1
163 513 765 350 804 385 954 -1
164 762 205 510 434 184 902 -1
165 374 845 874 420 968 567 932 -1
166 835 444 176 2 944 117 -1
167 423 863 644 510 579 86 -1
168 788 145 19 555 340 653 58 -1
169 701 479 83 340 324 22 750 -1
170 508 393 936 734 829 604 -1
171 5 346 269 260 845 342 -1
172 848 16 510 345 172 89 395 -1
173 469 136 23 799 51 886 675 -1
174 843 466 324 968 424 768 706 -1
175 672 394 120 870 769 906 -1
176 921 775 22 542 871 450 649 -1
177 878 628 256 954 80 864 -1
178 608 142 330 786 177 832 21 -1
179 149 77 359 883 409 364 443 -1
180 165 874 604 412 837 655 -1
181 823 935 187 288 692 799 -1
182 882 730 433 58 424 889 -1
183 610 161 613 7 194 295 -1
184 227 37 843 441 608 999 -1
185 528 707 979 924 995 222 -1
186 470 240 955 991 236 681 66 -1
187 611 751 587 439 740 852 -1
188 337 550 368 557 673 924 512 -1
189 429 920 529 646 299 999 270 -1
190 125 268 608 875 291 235 -1
191 425 559 490 566 421 844 877 -1
192 481 731 114 578 49 997 570 -1
193 257 391 896 585 640 289 -1
194 779 549 566 244 392 136 -1
195 661 247 759 368 830 292 92 -1
196 203 609 916 907 516 403 -1
197 720 281 545 982 803 473 -1
198 469 617 388 858 621 986 903 -1
199 132 14 458 469 395 247 -1
200 258 816 480 164 374 846 -1
201 769 717 742 678 490 866 -1
202 518 593 24 487 932 196 -1
203 703 321 741 28 864 33 317 -1
204 418 83 556 347 743 182 842 -1
205 578 554 163 698 15 566 -1
206 625 893 740 431 35 402 -1
207 692 382 754 136 388 530 364 -1
208 658 523 772 780 684 233 -1
209 960 807 768 261 162 372 -1
210 46 782 294 698 811 87 860 -1
211 539 561 594 501 170 185 326 -1
212 212 542 499 863 290 848 304 -1
213 466 427 470 708 779 76 -1
214 368 607 851 393 938 957 -1
215 377 122 91 144 754 61 400 -1
216 690 59 679 959 729 620 -1
217 405 50 995 292 250 472 -1
218 710 657 897 561 493 963 161 -1
219 664 776 973 631 858 799 979 -1
220 861 841 649 548 979 335 271 -1
221 241 80 383 312 487 834 -1
222 681 822 330 193 813 265 95 -1
223 344 681 324 476 902 975 -1
224 633 844 648 979 873 637 135 -1
225 634 692 997 336 93 263 246 -1
226 639 797 631 837 818 600 864 -1
227 354 429 131 174 841 333 -1
228 947 511 488 556 36 583 -1
229 960 17 372 110 101 693 -1
230 466 12 1000 946 317 500 -1
231 745 852 581 247 994 409 637 -1
232 897 860 769 342 470 966 -1
233 657 676 677 645 218 927 919 -1
234 375 412 195 617 834 783 876 -1
235 130 997 567 897 699 55 25 -1
236 969 57 819 787 938 343 -1
237 599 547 437 751 469 132 -1
238 863 264 850 660 75 151 -1
239 358 862 598 710 93 111 680 -1
240 882 673 865 460 477 627 -1
241 147 614 754 161 532 334 -1
242 116 859 537 64 539 795 -1
243 868 80 201 815 17 443 953 -1
244 712 248 361 459 986 7 387 -1
245 778 368 539 364 36 836 -1
246 393 588 108 647 61 433 -1
247 962 678 808 95 225 753 669 -1
248 643 828 649 798 235 822 178 -1
249 725 644 653 46 281 992 679 -1
250 43 656 558 849 593 793 63 -1
251 459 43 7 200 54 763 81 -1
252 612 583 629 693 412 116 631 -1
253 880 305 646 134 806 197 322 -1
254 350 219 540 785 693 125 141 -1
255 940 133 436 543 270 489 -1
256 927 737 117 851 118 535 -1
257 244 878 20 583 116 266 194 -1
258 667 641 428 352 329 179 734 -1
259 858 154 202 268 958 479 100 -1
260 996 962 465 138 272 593 591 -1
261 33 564 66 814 639 932 788 -1
262 842 198 578 208 335 990 -1
263 30 825 554 696 924 938 379 -1
264 912 747 734 385 962 555 -1
265 512 39 487 303 847 658 92 -1
266 524 44 651 388 567 604 565 -1
267 76 481 489 642 450 808 -1
268 665 167 957 374 294 324 772 -1
269 597 878 946 173 700 913 -1
270 45 310 484 190 195 517 -1
271 387 49 311 856 185 58 111 -1
272 135 852 600 632 167 712 869 -1
273 718 437 580 218 396 100 -1
274 503 78 968 257 179 317 378 -1
275 82 892 209 794 259 331 425 -1
276 104 616 415 298 849 507 -1
277 31 117 346 138 600 409 -1
278 335 417 183 645 763 878 42 -1
279 789 52 899 962 670 205 152 -1
280 604 858 950 646 875 490 -1
281 255 66 402 220 854 648 817 -1
282 143 373 845 636 818 104 906 -1
283 518 465 982 675 72 4 249 -1
284 469 157 358 660 211 31 -1
285 396 697 868 425 790 688 632 -1
286 655 702 761 307 118 959 96 -1
287 216 617 26 52 546 18 926 -1
288 556 252 137 145 285 986 -1
289 49 123 343 357 673 92 963 -1
290 863 146 903 472 782 66 787 -1
291 924 653 802 702 941 727 699 -1
292 685 819 402 29 125 587 -1
293 382 94 856 159 705 220 -1
294 223 161 930 839 580 544 -1
295 378 982 789 295 71 827 726 -1
296 775 474 353 268 780 562 -1
297 77 824 440 211 669 250 -1
298 455 551 202 27 572 879 -1
299 870 458 519 841 248 225 881 -1
300 386 613 786 143 604 906 59 -1
301 462 331 620 954 802 346 -1
302 465 2 436 534 870 869 346 -1
303 615 10 783 80 230 327 -1
304 468 933 331 815 192 519 -1
305 616 136 358 977 404 111 -1
306 405 649 61 298 631 287 936 -1
307 931 153 218 132 275 566 669 -1
308 484 297 280 992 667 257 977 -1
309 715 237 489 815 575 630 -1
310 305 245 540 782 292 243 127 -1
311 942 168 468 864 984 558 980 -1
312 987 930 430 962 600 806 249 -1
313 721 858 82 269 132 658 921 -1
314 493 999 401 431 317 288 838 -1
315 995 223 817 14 691 102 725 -1
316 914 721 887 549 294 601 -1
317 709 112 137 307 646 981 -1
318 360 635 783 582 46 659 -1
319 492 491 83 791 676 224 -1
320 472 869 686 917 695 598 939 -1
321 789 641 199 326 805 827 638 -1
322 987 876 163 427 5 913 758 -1
323 374 224 390 757 924 127 333 -1
324 717 56 338 688 540 295 -1
325 273 924 322 241 726 189 476 -1
326 407 188 96 660 164 509 -1
327 391 293 623 888 253 835 -1
328 603 740 955 554 259 409 529 -1
329 799 757 7 843 181 481 -1
330 390 927 768 531 838 916 -1
331 279 238 523 39 218 810 835 -1
332 194 902 807 999 635 18 -1
333 300 789 43 70 700 694 881 -1
334 133 388 116 411 533 742 -1
335 861 458 133 209 411 773 -1
336 692 286 769 652 177 695 -1
337 547 319 554 754 253 701 711 -1
338 470 687 226 235 606 264 -1
339 869 640 862 230 781 319 -1
340 241 940 616 764 789 322 897 -1
341 881 19 359 700 297 279 -1
342 334 107 919 439 64 21 -1
343 993 831 524 625 866 956 -1
344 812 387 83 631 538 227 143 -1
345 896 462 337 379 501 689 402 -1
346 829 981 460 511 474 558 -1
347 777 857 942 600 824 -1
348 986 840 165 500 481 126 -1
349 57 936 90 444 247 897 -1
350 143 250 218 779 235 675 -1
351 587 728 517 605 252 78 -1
352 114 372 474 631 555 972 -1
353 512 942 412 910 45 571 -1
354 107 98 83 145 713 864 152 -1
355 892 218 215 921 572 105 819 -1
356 179 110 432 367 825 611 -1
357 992 466 972 450 735 153 626 -1
358 384 287 934 756 759 545 823 -1
359 459 197 607 40 974 448 557 -1
360 768 903 547 179 812 561 -1
361 742 536 814 556 572 27 -1
362 511 503 580 862 924 626 185 -1
363 136 55 485 249 622 761 -1
364 206 403 942 645 901 962 -1
365 307 440 220 652 61 799 -1
366 810 238 427 215 894 519 -1
367 215 659 172 962 117 350 -1
368 288 585 90 438 776 294 155 -1
369 69 121 522 579 874 806 708 -1
370 745 3 369 377 866 815 -1
371 228 225 714 22 284 677 854 -1
372 341 405 789 7 205 152 -1
373 187 197 269 989 566 821 -1
374 468 664 698 52 692 824 764 -1
375 449 290 356 818 416 64 969 -1
376 30 538 321 996 110 573 -1
377 200 310 38 223 928 273 14 -1
378 357 169 307 41 217 1000 -1
379 976 327 58 245 795 733 -1
380 826 953 448 612 241 843 466 -1
381 413 644 777 647 440 969 -1
382 264 944 398 868 353 434 -1
383 353 600 18 16 860 -1
384 829 857 690 599 468 143 -1
385 556 584 703 392 346 62 666 -1
386 433 219 873 484 246 612 -1
387 621 674 320 726 824 586 177 -1
388 62 536 290 511 379 2 -1
389 68 452 492 545 784 950 684 -1
390 832 741 144 928 507 633 663 -1
391 856 509 667 366 778 62 -1
392 122 504 319 1 252 557 -1
393 102 765 886 344 63 887 -1
394 265 693 355 489 937 307 -1
395 639 328 122 404 807 888 79 -1
396 168 612 965 662 215 417 329 -1
397 644 284 76 260 398 329 425 -1
398 856 400 704 624 489 363 -1
399 972 234 160 836 545 701 474 -1
400 985 312 431 125 747 631 709 -1
401 881 73 475 895 997 621 -1
402 600 117 993 343 395 579 -1
403 103 84 362 859 532 707 477 -1
404 954 42 98 925 332 429 164 -1
405 780 678 299 795 722 550 302 -1
406 815 309 592 479 846 725 -1
407 636 806 916 432 436 818 501 -1
408 688 218 129 407 67 94 -1
409 441 401 853 238 723 40 712 -1
410 855 645 522 392 290 18 -1
411 36 463 570 890 720 609 -1
412 300 320 322 259 212 688 814 -1
413 6 548 456 454 433 668 -1
414 71 476 554 743 925 58 336 -1
415 145 116 807 374 410 254 229 -1
416 58 431 845 155 156 904 515 -1
417 737 327 419 256 36 691 771 -1
418 567 733 518 345 868 854 392 -1
419 723 214 574 201 52 957 -1
420 990 772 876 879 11 892 -1
421 364 321 607 185 504 579 987 -1
422 305 486 140 271 752 551 -1
423 988 797 747 691 941 506 599 -1
424 400 141 815 927 869 665 246 -1
425 919 897 532 314 388 226 -1
426 411 706 350 432 476 892 471 -1
427 696 367 584 700 565 103 147 -1
428 921 494 284 292 727 363 -1
429 892 530 493 659 6 672 466 -1
430 372 906 658 611 604 401 -1
431 496 960 778 502 344 198 494 -1
432 969 647 307 427 528 183 486 -1
433 767 352 135 390 699 48 -1
434 479 311 159 602 458 852 800 -1
435 271 163 167 294 524 295 -1
436 465 143 630 825 715 6 -1
437 520 791 317 291 381 216 -1
438 143 592 496 220 959 612 864 -1
439 23 613 614 275 43 297 -1
440 456 987 142 173 335 573 10 -1
441 395 984 957 815 578 388 683 -1
442 696 654 660 289 581 92 -1
443 227 71 959 525 564 661 -1
444 334 388 144 230 198 998 -1
445 825 523 595 83 1 364 432 -1
446 88 4 389 116 140 227 135 -1
447 223 89 241 708 390 735 -1
448 281 483 956 340 779 419 -1
449 642 751 531 633 449 85 874 -1
450 511 72 466 596 481 592 -1
451 804 953 211 32 455 757 427 -1
452 580 76 813 568 900 508 -1
453 891 692 400 316 472 554 861 -1
454 792 955 371 189 39 627 -1
455 96 100 33 989 819 543 -1
456 457 636 928 74 552 406 -1
457 530 287 882 916 865 112 -1
458 534 766 945 727 556 390 -1
459 535 741 30 739 663 797 778 -1
460 569 511 475 116 43 707 -1
461 483 364 295 96 452 556 -1
462 25 281 575 641 144 227 802 -1
463 774 320 832 981 286 154 -1
464 828 225 106 440 523 796 110 -1
465 335 637 444 360 942 177 115 -1
466 876 412 879 642 639 407 203 -1
467 295 904 631 638 287 661 -1
468 287 232 486 960 879 292 768 -1
469 979 788 840 711 694 554 823 -1
470 759 26 339 320 295 638 -1
471 888 174 6 649 688 307 -1
472 377 946 221 19 201 154 -1
473 675 484 285 386 974 953 -1
474 79 432 884 824 294 663 -1
475 112 215 314 582 856 187 766 -1
476 952 733 715 222 616 875 4 -1
477 945 143 880 39 77 356 809 -1
478 314 462 923 31 444 811 -1
479 935 683 802 666 617 259 -1
480 714 558 896 376 397 108 -1
481 805 34 874 645 719 399 32 -1
482 891 310 943 947 387 788 -1
483 657 924 697 12 886 505 731 -1
484 345 987 799 13 66 78 620 -1
485 850 348 114 277 903 134 -1
486 616 622 123 211 421 231 -1
487 398 353 777 228 883 802 -1
488 297 753 150 959 643 593 683 -1
489 159 486 194 791 925 263 -1
490 991 215 632 521 770 592 -1
491 436 905 265 857 303 70 -1
492 483 472 819 312 306 531 359 -1
493 49 119 302 282 10 315 -1
494 239 357 515 659 95 299 481 -1
495 35 194 788 275 404 990 -1
496 938 834 385 671 676 911 123 -1
497 956 965 717 237 724 196 -1
498 890 207 720 331 311 839 246 -1
499 388 696 791 531 266 203 25 -1
500 357 929 757 812 869 404 -1
501 186 560 31 868 9 283 126 -1
502 370 535 888 635 842 584 47 -1
503 468 482 108 476 851 958 -1
504 61 845 610 828 761 614 -1
505 588 562 699 554 753 141 -1
506 637 937 508 744 825 154 -1
507 67 241 499 945 460 743 931 -1
508 233 466 210 24 460 29 276 -1
509 10 592 641 896 596 979 -1
510 561 473 446 335 375 316 208 -1
511 295 846 634 910 322 431 -1
512 762 696 746 860 589 -1
513 768 540 176 598 750 205 -1
514 134 566 549 427 791 557 -1
515 934 583 164 405 827 322 -1
516 81 704 368 968 772 302 685 -1
517 149 810 98 383 721 74 709 -1
518 377 828 99 202 370 391 -1
519 995 596 426 976 788 345 -1
520 756 139 929 29 204 958 -1
521 128 517 882 603 875 85 522 -1
522 43 239 513 334 133 139 -1
523 297 700 576 456 71 835 -1
524 213 918 388 820 970 242 591 -1
525 5 382 572 58 606 491 -1
526 195 81 640 125 114 813 -1
527 606 34 853 261 818 924 -1
528 511 445 49 703 724 709 -1
529 408 488 342 33 552 378 -1
530 692 57 65 857 321 788 240 -1
531 672 609 385 818 507 807 823 -1
532 815 128 597 942 577 68 440 -1
533 200 952 513 334 159 674 964 -1
534 717 555 524 913 753 957 -1
535 121 958 774 92 433 993 457 -1
536 125 410 455 688 456 232 980 -1
537 271 414 435 519 559 998 -1
538 504 988 519 579 521 63 -1
539 786 876 528 530 272 107 -1
540 828 674 590 673 774 371 884 -1
541 951 782 365 970 833 129 90 -1
542 718 117 9 973 287 4 -1
543 201 863 698 661 137 791 592 -1
544 865 156 12 433 763 184 -1
545 700 609 456 634 35 831 -1
546 281 677 757 61 718 884 -1
547 401 447 407 701 617 377 416 -1
548 214 819 772 894 456 797 -1
549 92 719 941 686 261 799 59 -1
550 480 208 342 157 122 920 248 -1
551 703 350 942 716 639 24 439 -1
552 811 223 656 262 911 289 479 -1
553 343 637 67 485 25 237 373 -1
554 244 389 415 955 780 387 214 -1
555 65 692 455 644 372 902 -1
556 202 741 236 916 110 961 -1
557 752 214 855 33 374 833 976 -1
558 523 979 660 439 402 233 962 -1
559 246 121 41 541 725 686 987 -1
560 434 358 262 372 954 478 915 -1
561 948 588 602 291 181 1 -1
562 223 808 39 925 182 362 -1
563 844 122 569 980 816 96 935 -1
564 110 929 394 234 163 309 571 -1
565 269 879 204 686 971 808 -1
566 178 591 162 1000 279 760 -1
567 575 155 770 635 484 508 84 -1
568 720 395 576 229 654 279 630 -1
569 866 918 419 902 885 82 840 -1
570 696 296 146 182 358 844 203 -1
571 811 432 215 653 371 491 -1
572 949 8 171 467 975 219 -1
573 447 405 550 742 926 395 -1
574 491 455 687 74 793 369 21 -1
575 132 834 590 310 299 979 -1
576 716 983 456 296 186 936 13 -1
577 623 792 859 741 213 628 279 -1
578 628 679 613 508 258 827 164 -1
579 399 995 914 94 968 756 -1
580 126 650 86 735 750 107 -1
581 848 456 118 697 624 77 -1
582 266 628 567 241 244 641 -1
583 494 417 391 512 696 948 963 -1
584 224 64 177 953 514 865 441 -1
585 418 343 142 978 509 185 -1
586 453 544 209 28 97 133 784 -1
587 496 398 37 362 342 675 884 -1
588 257 166 405 983 217 938 -1
589 815 946 733 372 87 976 131 -1
590 306 13 611 1000 651 585 739 -1
591 755 931 978 147 949 526 562 -1
592 729 321 330 595 916 517 947 -1
593 362 899 128 351 250 126 469 -1
594 167 993 687 606 495 204 975 -1
595 181 222 235 168 802 39 942 -1
596 868 322 719 375 742 142 577 -1
597 826 961 471 412 289 622 -1
598 59 591 859 293 684 86 163 -1
599 231 727 458 845 392 191 738 -1
600 185 941 899 519 762 753 -1
601 521 625 209 78 88 403 -1
602 991 235 834 734 116 537 146 -1
603 127 592 542 105 657 427 341 -1
604 419 880 598 219 33 29 969 -1
605 930 282 519 346 480 252 148 -1
606 516 12 910 228 273 89 555 -1
607 367 926 35 261 855 892 -1
608 21 721 869 263 602 783 -1
609 389 563 217 360 995 524 -1
610 15 907 775 745 958 682 462 -1
611 103 829 779 122 782 952 -1
612 969 370 870 173 374 239 486 -1
613 927 944 149 64 935 947 -1
614 660 982 864 522 74 610 -1
615 609 29 247 598 763 848 -1
616 149 289 156 957 224 21 241 -1
617 913 41 141 15 747 728 -1
618 502 644 243 524 844 711 -1
619 358 631 296 145 860 22 801 -1
620 738 763 451 994 714 748 646 -1
621 555 72 248 912 820 333 362 -1
622 801 604 705 514 520 -1
623 303 195 733 338 419 525 665 -1
624 36 104 411 983 34 865 473 -1
625 777 946 180 39 880 -1
626 798 191 710 784 289 1 -1
627 547 448 56 421 141 759 -1
628 213 777 1 490 676 393 -1
629 855 13 470 727 920 875 701 -1
630 567 646 621 88 286 394 -1
631 241 635 123 754 856 968 -1
632 892 243 454 885 117 931 593 -1
633 112 257 710 320 578 400 432 -1
634 776 104 106 763 247 666 -1
635 570 133 886 668 373 880 -1
636 186 340 432 294 550 111 684 -1
637 948 844 827 628 369 596 219 -1
638 443 896 449 680 485 808 708 -1
639 143 859 540 347 309 422 235 -1
640 835 473 817 949 699 70 -1
641 492 311 647 571 743 714 994 -1
642 915 877 791 351 72 514 323 -1
643 609 36 800 475 882 29 -1
644 897 565 10 436 7 132 35 -1
645 843 143 840 720 309 711 -1
646 1000 658 590 722 881 738 73 -1
647 769 803 118 839 597 567 -1
648 412 574 936 160 449 510 762 -1
649 293 248 657 327 140 482 -1
650 281 207 225 908 459 240 654 -1
651 202 289 914 169 903 77 -1
652 230 17 122 760 184 834 -1
653 927 631 874 771 414 937 -1
654 637 375 718 669 268 500 248 -1
655 622 370 716 610 489 138 412 -1
656 678 579 61 95 513 723 32 -1
657 212 171 548 956 43 453 -1
658 841 767 887 414 148 170 -1
659 671 799 580 987 84 376 801 -1
660 442 71 762 587 203 8 -1
661 798 765 450 24 140 508 -1
662 927 866 924 920 473 85 13 -1
663 939 302 715 862 383 191 987 -1
664 525 770 588 929 986 766 185 -1
665 206 1000 936 35 271 680 -1
666 783 206 498 403 304 531 114 -1
667 681 706 651 37 210 835 -1
668 444 511 600 765 580 368 -1
669 737 731 483 883 852 263 604 -1
670 969 702 633 603 780 970 -1
671 183 199 949 661 445 986 -1
672 663 690 738 595 911 395 115 -1
673 506 218 788 44 485 601 -1
674 579 829 651 277 820 647 511 -1
675 91 273 590 633 750 152 -1
676 178 188 53 17 986 161 92 -1
677 325 725 510 295 795 66 167 -1
678 527 301 539 673 581 809 -1
679 976 78 645 753 600 248 -1
680 517 73 195 96 471 994 -1
681 265 89 36 815 837 749 -1
682 873 203 822 70 173 943 -1
683 637 547 730 587 433 469 265 -1
684 334 879 24 886 119 307 -1
685 593 658 47 90 951 931 709 -1
686 656 662 275 26 312 68 143 -1
687 680 183 374 883 24 699 -1
688 354 397 88 313 678 135 -1
689 583 530 582 84 773 886 800 -1
690 554 508 796 279 21 451 613 -1
691 808 843 461 406 4 178 -1
692 716 610 245 657 51 233 -1
693 634 77 190 339 82 510 -1
694 833 291 495 457 309 641 924 -1
695 880 390 537 121 704 27 138 -1
696 606 188 552 681 32 505 -1
697 640 764 262 426 1 569 -1
698 907 798 242 960 917 156 192 -1
699 82 430 822 83 228 808 959 -1
700 919 926 302 571 152 599 563 -1
701 841 269 357 198 130 991 758 -1
702 485 380 607 969 835 514 -1
703 454 900 5 490 19 408 -1
704 500 789 170 760 711 262 343 -1
705 78 735 400 499 234 972 -1
706 944 73 302 642 915 5 -1
707 958 936 189 767 709 178 858 -1
708 153 59 119 996 44 437 -1
709 556 600 554 31 859 782 -1
710 563 299 340 957 236 31 -1
711 235 345 21 706 212 689 973 -1
712 138 707 152 802 354 263 273 -1
713 433 657 996 53 454 545 -1
714 984 304 104 165 928 243 237 -1
715 19 141 964 749 545 293 -1
716 442 543 143 128 690 859 -1
717 829 413 948 839 468 182 264 -1
718 52 584 346 804 644 701 -1
719 737 329 88 706 415 64 442 -1
720 483 751 946 665 314 9 -1
721 38 852 491 22 363 114 550 -1
722 240 901 577 187 990 976 -1
723 312 895 5 812 848 892 931 -1
724 376 64 564 841 386 961 183 -1
725 694 919 949 59 309 728 196 -1
726 393 217 984 187 144 62 45 -1
727 584 569 946 101 189 612 396 -1
728 214 902 342 694 220 170 -1
729 393 272 753 710 381 205 -1
730 482 317 264 684 306 102 853 -1
731 554 881 456 897 806 575 -1
732 57 194 387 503 328 122 864 -1
733 183 566 616 476 877 960 -1
734 324 291 167 596 213 173 -1
735 963 833 431 682 486 165 -1
736 983 720 380 608 842 824 -1
737 590 606 680 224 523 355 516 -1
738 270 283 983 248 183 446 127 -1
739 291 772 764 866 835 62 -1
740 456 139 137 47 698 326 -1
741 647 380 535 721 690 876 381 -1
742 250 783 737 227 707 647 496 -1
743 111 961 515 418 940 586 -1
744 572 581 569 167 101 302 -1
745 367 495 44 593 462 867 -1
746 700 736 900 91 826 214 550 -1
747 729 182 854 65 830 239 433 -1
748 29 807 624 436 485 822 -1
749 462 624 850 939 912 783 -1
750 98 640 153 25 762 728 -1
751 712 16 912 527 530 305 -1
752 715 568 734 25 642 242 -1
753 122 953 557 719 7 474 -1
754 325 73 853 897 720 548 686 -1
755 700 522 896 382 249 491 512 -1
756 448 57 703 378 486 61 250 -1
757 827 942 777 77 307 991 -1
758 685 211 851 418 38 822 -1
759 123 488 482 248 697 213 132 -1
760 41 547 762 837 28 119 27 -1
761 470 288 895 311 878 541 -1
762 383 446 31 926 487 577 164 -1
763 754 746 866 853 800 45 -1
764 256 681 136 620 77 37 469 -1
765 476 530 96 32 334 142 624 -1
766 166 207 290 619 327 911 -1
767 828 389 500 592 902 957 380 -1
768 93 925 312 98 549 825 776 -1
769 201 514 499 932 774 623 953 -1
770 555 645 959 48 776 159 354 -1
771 254 663 153 452 318 999 644 -1
772 391 209 221 449 597 148 378 -1
773 142 837 432 581 413 750 -1
774 623 790 229 809 899 240 -1
775 309 27 224 574 347 81 253 -1
776 338 914 142 546 436 709 519 -1
777 701 976 108 790 751 703 -1
778 918 292 589 886 998 93 503 -1
779 47 345 190 967 454 416 -1
780 906 631 891 229 996 397 -1
781 502 670 342 557 794 926 674 -1
782 211 824 737 940 173 21 932 -1
783 209 256 929 261 192 544 30 -1
784 185 742 195 494 84 828 -1
785 3 498 810 124 727 41 -1
786 230 212 943 151 404 82 360 -1
787 329 64 347 631 922 96 -1
788 250 433 740 762 769 636 -1
789 53 841 881 107 683 95 -1
790 83 335 768 800 410 278 159 -1
791 132 223 980 526 644 108 -1
792 180 474 526 511 132 172 -1
793 380 687 144 908 291 154 -1
794 464 770 228 300 708 798 657 -1
795 214 529 23 923 137 965 416 -1
796 498 1 824 815 961 786 -1
797 981 381 257 105 639 650 -1
798 882 360 104 39 165 668 -1
799 622 22 115 405 619 781 -1
800 267 145 272 869 879 602 596 -1
801 185 973 82 453 875 848 997 -1
802 71 586 235 515 991 637 87 -1
803 398 215 247 587 649 906 280 -1
804 826 24 363 565 589 907 138 -1
805 685 826 338 25 387 904 -1
806 435 330 581 402 840 240 -1
807 374 649 115 763 678 134 339 -1
808 969 294 595 755 881 652 146 -1
809 371 602 923 860 253 288 -1
810 591 504 96 56 175 595 646 -1
811 661 451 595 553 524 696 -1
812 369 964 727 99 222 886 -1
813 618 537 250 497 281 838 280 -1
814 415 362 659 364 756 455 -1
815 113 608 816 7 34 664 604 -1
816 425 70 994 725 965 581 785 -1
817 209 854 78 730 111 234 -1
818 395 789 486 191 180 12 -1
819 958 675 956 407 42 497 -1
820 821 101 461 629 670 155 264 -1
821 311 126 162 516 491 371 593 -1
822 308 629 52 162 230 34 359 -1
823 660 868 547 481 901 947 -1
824 546 570 745 740 270 377 -1
825 904 173 104 454 405 197 29 -1
826 627 607 280 820 560 454 674 -1
827 904 927 954 541 844 622 -1
828 890 834 633 449 173 422 -1
829 469 366 900 339 739 718 -1
830 404 247 308 855 232 838 90 -1
831 497 205 509 464 370 921 580 -1
832 147 40 523 706 76 621 -1
833 313 860 52 984 602 990 908 -1
834 106 64 895 265 229 849 -1
835 117 805 730 543 651 634 681 -1
836 548 829 480 305 724 280 -1
837 70 69 241 299 169 109 423 -1
838 884 182 858 897 685 76 261 -1
839 856 360 915 312 115 751 28 -1
840 176 706 544 559 588 847 -1
841 20 887 169 195 18 575 -1
842 142 667 412 112 187 750 49 -1
843 98 305 959 322 10 167 352 -1
844 915 412 348 261 659 258 -1
845 811 498 494 152 472 209 128 -1
846 654 2 617 320 573 134 726 -1
847 490 536 777 832 211 319 -1
848 391 318 928 615 313 647 -1
849 849 753 524 405 705 927 435 -1
850 526 93 476 142 424 359 -1
851 902 610 940 993 483 433 123 -1
852 698 980 680 172 327 888 -1
853 311 985 25 922 130 584 856 -1
854 915 354 194 478 107 837 796 -1
855 946 890 102 839 278 351 627 -1
856 828 93 978 6 336 343 -1
857 111 529 26 964 52 597 999 -1
858 718 252 295 166 864 924 -1
859 818 25 391 104 350 87 -1
860 900 457 485 941 497 898 -1
861 930 80 686 303 736 77 -1
862 67 134 707 531 960 497 962 -1
863 271 327 828 422 407 721 454 -1
864 711 155 19 120 383 833 -1
865 563 594 738 483 778 138 880 -1
866 47 211 937 789 280 817 285 -1
867 3 938 75 954 350 667 -1
868 422 229 552 307 949 386 -1
869 850 264 47 471 874 617 660 -1
870 65 310 102 770 989 984 -1
871 849 353 419 712 97 490 -1
872 504 310 614 379 522 149 -1
873 681 824 569 742 291 830 -1
874 560 296 886 572 876 65 327 -1
875 532 369 793 684 651 919 106 -1
876 585 339 235 525 691 493 -1
877 701 386 285 631 502 980 381 -1
878 227 995 403 773 9 432 -1
879 69 734 641 685 617 349 905 -1
880 511 540 115 377 187 985 -1
881 447 444 176 318 144 924 -1
882 864 593 54 575 23 379 166 -1
883 179 691 273 109 238 764 -1
884 922 284 407 76 292 643 27 -1
885 341 632 70 950 159 445 -1
886 293 734 98 112 915 477 672 -1
887 212 10 758 714 839 988 345 -1
888 376 589 326 407 739 789 -1
889 533 554 5 754 779 212 -1
890 558 898 989 616 274 477 145 -1
891 31 747 749 526 192 432 -1
892 804 671 834 983 887 108 -1
893 923 856 319 949 354 68 787 -1
894 436 992 407 900 628 51 868 -1
895 701 962 678 804 171 560 713 -1
896 884 519 890 987 894 87 -1
897 242 393 909 54 520 995 -1
898 861 487 463 635 14 283 725 -1
899 238 5 652 900 184 439 -1
900 60 113 124 158 193 251 255 -1
-1
1 0.5 0.5
2 2.5 0.5
3 4.5 0.5
4 12.5 0.5
5 15.5 0.5
6 17.5 0.5
7 25.5 0.5
8 26.5 0.5
9 28.5 0.5
10 29.5 0.5
11 29.5 2.5
12 29.5 5.5
13 29.5 7.5
14 29.5 10.5
15 29.5 13.5
16 29.5 15.5
17 29.5 18.5
18 29.5 25.5
19 29.5 26.5
20 29.5 27.5
21 28.5 29.5
22 27.5 29.5
23 22.5 29.5
24 15.5 29.5
25 13.5 29.5
26 12.5 29.5
27 5.5 29.5
28 3.5 29.5
29 2.5 29.5
30 1.5 29.5
31 0.5 28.5
32 0.5 27.5
33 0.5 24.5
34 0.5 22.5
35 0.5 18.5
36 0.5 16.5
37 0.5 13.5
38 0.5 11.5
39 0.5 7.5
40 0.5 5.5
-1
