1 61 1 39 74 73 30 -1
2 61 80 90 19 95 -1
3 61 51 73 28 81 -1
4 17 61 37 16 79 77 8 -1
5 37 13 69 72 79 98 11 73 -1
6 95 54 47 59 69 73 -1
7 79 82 10 41 21 55 58 73 -1
8 57 88 94 86 32 72 21 -1
9 89 88 52 50 4 27 94 -1
10 42 97 90 73 27 37 -1
11 89 18 13 33 79 44 -1
12 34 67 69 45 100 84 -1
13 58 83 33 49 46 61 -1
14 72 35 90 15 94 36 29 -1
15 7 64 4 74 15 14 -1
16 98 2 64 21 85 79 18 9 -1
17 49 58 57 81 55 40 -1
18 95 51 75 59 9 21 -1
19 19 16 97 59 48 89 74 69 -1
20 47 37 31 94 51 97 44 -1
21 91 97 18 80 98 10 -1
22 91 9 30 14 94 96 -1
23 4 86 55 22 49 38 -1
24 18 84 71 47 31 36 -1
25 85 57 38 52 12 87 -1
26 10 15 14 49 20 77 22 32 -1
27 34 6 29 88 38 57 84 65 -1
28 81 30 44 86 7 20 59 -1
29 27 95 3 86 39 5 63 -1
30 30 58 10 9 97 54 -1
31 52 72 13 30 81 39 86 78 -1
32 26 37 54 32 60 6 -1
33 43 5 46 8 73 53 -1
34 1 68 70 5 57 60 36 -1
35 91 88 87 33 60 22 36 -1
36 66 63 52 58 18 20 -1
37 58 56 15 92 38 29 -1
38 30 19 51 76 49 21 -1
39 68 64 15 19 30 29 80 -1
40 13 9 18 31 16 33 58 -1
41 83 1 21 17 30 89 94 68 -1
42 16 27 6 47 78 -1
43 38 54 20 70 86 65 -1
44 86 22 19 84 12 32 25 92 -1
45 19 85 23 72 7 29 65 14 -1
46 25 2 72 23 16 95 52 38 -1
47 46 18 76 39 4 35 -1
48 64 38 16 4 50 77 6 -1
49 25 99 12 51 65 88 59 13 -1
50 14 90 75 61 65 -1
51 3 11 26 28 40 41 42 43 45 48 53 56 66 67 71 82 96 99 100 -1
-1
1 50 0
23 100 20
45 23 100
46 0 75
35 67 0
34 100 35
27 0 67
11 78 100
-1
