1 15 6 26 2 22 4 17 -1
2 41 31 36 45 14 24 38 -1
3 8 36 38 4 31 11 17 -1
4 1 15 24 29 40 32 12 38 -1
5 19 8 39 16 25 35 14 -1
6 9 10 23 13 15 1 -1
7 36 25 35 2 22 41 16 17 15 -1
8 14 6 36 38 26 -1
9 38 39 29 12 3 11 24 -1
10 40 42 12 30 13 25 29 -1
11 3 38 16 4 42 2 8 -1
12 14 16 11 1 45 28 18 19 31 -1
13 33 3 36 16 12 10 -1
14 17 4 13 24 44 45 9 35 -1
15 17 5 3 14 22 26 19 36 2 -1
16 35 9 44 12 21 34 25 -1
17 19 14 30 8 33 24 -1
18 43 19 32 21 24 10 -1
19 2 20 25 45 26 37 -1
20 20 27 21 17 3 26 38 -1
21 20 39 4 26 27 28 -1
22 44 20 36 5 23 2 -1
23 14 41 23 31 1 22 -1
24 27 8 4 26 40 37 17 33 13 -1
25 24 12 22 14 25 29 31 -1
26 10 40 22 24 7 5 -1
27 20 15 33 6 2 23 -1
28 41 4 42 33 17 15 35 30 44 -1
29 3 18 17 21 -1
30 11 17 33 7 15 38 2 32 -1
31 34 43 -1
-1
1 100 6
2 0 6
3 0 78
4 67 100
5 0 45
6 100 80
7 89 100
8 100 37
9 78 100
10 100 99
11 12 100
12 0 45
-1
