1 85 16 14 25 64 79 -1
2 85 49 48 7 95 83 96 -1
3 25 76 68 100 95 70 82 -1
4 75 95 53 57 59 22 63 -1
5 92 93 90 67 73 -1
6 19 93 11 66 50 84 -1
7 40 97 62 27 76 15 -1
8 51 64 62 48 41 74 68 9 -1
9 54 67 25 41 8 27 21 33 -1
10 99 7 79 57 22 62 59 10 -1
11 64 19 47 89 27 78 41 -1
12 42 8 91 58 40 6 -1
13 56 91 64 76 51 73 -1
14 50 51 35 45 58 87 88 62 -1
15 93 88 9 62 81 92 6 40 -1
16 55 15 20 2 57 60 -1
17 26 52 13 32 2 96 95 7 -1
18 24 45 53 95 16 -1
19 41 69 4 60 42 49 51 2 -1
20 59 49 2 53 13 62 67 -1
21 12 1 63 33 38 43 73 11 -1
22 96 34 68 63 86 23 42 -1
23 68 4 39 36 18 49 -1
24 90 42 94 83 51 72 98 -1
25 52 32 26 12 35 43 60 -1
26 80 55 15 48 54 77 24 -1
27 23 82 66 91 93 26 41 -1
28 84 57 38 45 31 87 -1
29 26 1 7 23 96 42 75 56 -1
30 93 19 28 50 26 -1
31 92 49 63 77 87 33 89 -1
32 85 33 86 91 27 52 26 -1
33 55 82 62 88 91 19 85 -1
34 2 28 29 58 24 31 82 -1
35 59 96 32 14 10 43 -1
36 6 18 38 31 24 30 89 14 -1
37 85 32 65 35 95 18 47 17 -1
38 86 44 5 77 57 -1
39 91 60 44 16 35 40 -1
40 90 19 60 36 45 100 14 -1
41 57 93 51 22 13 25 89 -1
42 62 25 16 83 89 40 1 -1
43 46 13 87 65 11 12 -1
44 97 84 89 17 78 66 85 -1
45 81 47 92 53 59 4 -1
46 51 50 24 60 11 49 83 -1
47 10 41 60 42 15 14 66 92 -1
48 99 19 87 69 57 21 58 28 -1
49 25 82 70 93 68 61 -1
50 61 72 78 37 90 27 48 99 -1
51 99 24 80 77 3 63 -1
52 3 78 22 30 55 74 91 60 -1
53 56 36 69 65 23 94 50 -1
54 45 27 69 83 82 22 36 -1
55 82 31 69 81 84 100 53 -1
56 77 4 1 98 10 35 65 -1
57 74 91 85 87 95 36 1 -1
58 49 51 54 6 7 18 -1
59 7 64 20 73 25 88 -1
60 46 88 61 68 8 99 94 -1
61 89 4 81 96 3 76 -1
62 71 86 80 49 16 -1
63 44 36 71 1 6 55 -1
64 40 31 19 65 3 43 -1
65 24 20 43 45 58 -1
66 72 30 62 9 68 46 45 -1
67 63 47 42 27 32 8 67 20 -1
68 43 92 26 79 20 1 5 -1
69 4 95 51 62 97 55 -1
70 83 12 89 59 41 4 11 -1
71 57 54 10 93 94 63 73 -1
72 78 35 57 61 77 85 79 -1
73 79 50 26 91 12 74 45 -1
74 71 99 26 73 39 31 57 -1
75 25 58 61 57 1 8 32 -1
76 86 31 96 3 97 75 47 93 -1
77 3 4 39 89 82 84 98 66 -1
78 24 11 3 83 78 31 -1
79 94 82 76 19 90 75 41 -1
80 32 72 69 27 26 47 -1
81 72 71 91 36 1 64 29 -1
82 7 27 31 40 61 -1
83 24 83 29 75 74 45 43 32 -1
84 13 69 98 12 78 95 -1
85 2 95 23 58 35 96 -1
86 40 25 98 45 69 26 61 -1
87 32 82 34 9 12 28 -1
88 70 26 93 66 35 38 84 44 -1
89 46 55 23 17 75 95 70 -1
90 72 61 39 88 66 86 75 81 -1
91 81 8 52 49 68 15 -1
92 66 42 48 41 87 57 90 19 -1
93 12 90 19 39 75 96 10 24 -1
94 18 75 4 24 55 100 39 28 -1
95 30 71 87 94 43 88 84 8 -1
96 35 7 37 47 34 50 -1
97 74 79 30 94 19 26 63 17 -1
98 83 49 14 94 68 60 -1
99 74 3 48 90 42 53 -1
100 65 23 7 19 41 49 52 -1
101 65 12 -1
-1
1 56 0
2 78 0
3 12 0
4 100 12
5 100 67
6 100 99
7 56 100
8 23 100
9 11 100
10 0 67
11 0 24 
12 0 11
13 0 1
-1
