1 109 265 26 52 74 276 248 155 251 -1
2 144 121 87 175 33 95 109 99 128 -1
3 195 69 142 3 296 300 208 -1
4 80 215 212 140 175 121 106 -1
5 283 17 95 70 64 278 168 220 -1
6 251 155 165 13 128 6 -1
7 19 69 137 23 254 224 18 29 -1
8 42 218 114 242 204 288 263 125 201 -1
9 234 84 23 140 299 41 -1
10 280 267 176 256 43 4 109 -1
11 281 125 122 49 157 147 1 150 -1
12 170 67 125 280 6 264 253 -1
13 79 135 191 32 116 65 68 100 -1
14 63 91 218 24 219 22 258 163 -1
15 112 38 116 282 290 265 -1
16 198 112 122 186 116 57 246 174 -1
17 157 24 197 165 224 153 199 191 -1
18 193 43 280 80 194 24 221 199 -1
19 229 67 28 31 290 106 142 -1
20 95 106 55 49 53 132 134 -1
21 285 36 208 204 237 171 -1
22 158 31 16 98 279 167 -1
23 149 185 156 277 192 168 220 -1
24 42 93 68 5 142 174 273 74 94 -1
25 6 182 225 47 110 11 219 171 100 -1
26 92 141 131 123 223 230 194 168 -1
27 95 300 150 104 92 47 149 59 -1
28 184 234 26 165 24 213 105 -1
29 172 212 96 81 68 161 -1
30 102 82 75 260 97 240 26 183 -1
31 124 45 11 259 171 80 190 180 204 -1
32 276 164 264 53 113 20 159 256 -1
33 78 70 252 199 150 20 266 64 -1
34 51 18 10 9 151 12 99 185 142 -1
35 9 144 158 137 6 154 -1
36 91 217 140 216 48 45 170 270 119 -1
37 250 44 289 110 21 203 87 276 -1
38 45 85 47 257 226 138 50 -1
39 133 254 191 164 37 14 150 157 -1
40 104 59 286 259 3 298 -1
41 248 28 27 234 239 90 59 127 -1
42 30 273 187 32 219 154 -1
43 31 2 29 161 142 80 229 56 -1
44 37 27 268 189 194 -1
45 275 37 292 29 182 199 -1
46 175 142 231 96 55 91 161 -1
47 27 120 202 37 66 72 280 233 -1
48 74 10 65 89 226 13 95 236 -1
49 65 51 98 249 233 112 201 195 -1
50 289 35 224 201 252 87 271 -1
51 65 82 103 17 161 11 3 -1
52 220 295 43 195 47 154 -1
53 74 268 157 206 279 188 -1
54 273 242 97 172 32 182 226 -1
55 50 115 236 132 280 74 98 157 95 -1
56 240 148 182 6 294 72 149 15 -1
57 245 72 78 180 81 191 203 69 178 -1
58 2 266 274 60 16 26 226 20 -1
59 16 267 63 269 212 211 5 172 184 -1
60 146 253 82 241 96 120 198 283 3 -1
61 247 108 178 296 3 107 34 -1
62 240 173 142 188 47 266 228 74 4 -1
63 81 247 289 100 152 288 143 213 174 -1
64 210 150 280 83 116 173 76 -1
65 19 33 26 132 76 116 92 159 -1
66 43 116 70 276 72 238 144 177 -1
67 205 129 42 251 125 50 -1
68 297 175 115 40 26 189 68 5 73 -1
69 284 149 151 109 112 30 -1
70 178 292 202 90 289 271 135 89 78 -1
71 82 227 274 258 31 33 -1
72 226 105 130 296 65 205 33 -1
73 185 260 117 273 11 103 49 -1
74 97 177 68 88 234 257 247 -1
75 193 200 85 203 260 259 11 51 102 -1
76 235 191 55 262 67 96 204 -1
77 280 188 99 146 52 220 263 37 -1
78 267 130 10 92 73 109 172 -1
79 15 227 234 260 36 128 292 226 -1
80 163 162 103 78 222 119 -1
81 64 138 191 121 57 95 179 -1
82 193 107 267 40 128 170 45 279 -1
83 107 143 34 162 178 137 -1
84 265 295 78 79 214 93 83 187 -1
85 175 139 263 11 181 294 -1
86 203 112 120 157 217 213 31 142 170 -1
87 68 234 124 241 84 147 -1
88 268 200 241 104 12 42 -1
89 233 258 285 272 195 174 85 147 -1
90 300 56 31 41 143 18 244 79 -1
91 269 165 42 26 117 214 -1
92 81 90 158 161 67 192 245 91 183 -1
93 76 243 114 19 90 227 147 225 -1
94 83 85 48 171 222 9 197 -1
95 213 106 288 115 231 153 97 193 -1
96 1 296 91 114 293 288 26 235 -1
97 149 30 258 11 251 201 9 -1
98 115 182 129 142 300 14 234 245 289 -1
99 217 197 210 187 10 259 -1
100 274 177 198 6 94 168 68 173 206 -1
101 199 150 27 172 41 22 -1
102 216 123 152 44 67 156 29 -1
103 246 168 76 11 139 239 134 149 -1
104 64 154 215 245 33 267 153 -1
105 82 94 248 61 153 63 66 -1
106 25 284 300 178 149 166 1 128 137 -1
107 22 134 235 116 124 141 -1
108 35 126 7 153 271 235 -1
109 66 158 132 26 267 123 291 -1
110 37 10 14 3 44 192 126 149 56 -1
111 5 282 273 154 188 274 275 -1
112 88 184 140 138 112 42 -1
113 12 4 88 162 206 190 102 8 -1
114 64 133 80 150 151 200 -1
115 15 64 286 276 32 77 194 120 50 -1
116 61 99 13 236 202 242 55 -1
117 249 103 152 280 65 228 -1
118 144 85 58 149 294 199 -1
119 56 62 71 47 149 109 254 137 -1
120 137 77 116 278 2 30 -1
121 275 148 186 117 87 15 6 -1
122 11 73 216 82 39 170 53 137 106 -1
123 94 121 149 278 244 280 157 -1
124 219 270 187 223 257 281 152 249 85 -1
125 272 295 177 232 64 179 -1
126 124 15 210 34 204 181 157 -1
127 43 146 17 291 60 286 263 50 300 -1
128 201 97 185 39 299 167 29 276 57 -1
129 60 244 282 163 132 3 254 73 100 -1
130 228 170 68 145 70 293 86 65 -1
131 85 193 280 277 36 227 132 -1
132 69 294 28 177 178 32 286 20 -1
133 245 216 93 224 189 109 77 297 -1
134 68 132 4 20 104 271 50 277 -1
135 174 205 176 42 17 274 210 -1
136 2 184 252 46 275 54 28 -1
137 69 203 285 8 98 -1
138 27 195 207 111 176 222 292 -1
139 15 269 243 60 26 48 37 17 -1
140 79 4 151 68 12 74 114 -1
141 40 104 127 254 83 81 248 259 -1
142 16 1 171 233 58 170 127 281 250 -1
143 128 251 260 43 245 70 184 162 158 -1
144 212 130 168 90 100 249 286 164 -1
145 50 195 135 120 62 77 291 142 140 -1
146 70 102 87 117 146 242 203 198 -1
147 265 122 244 177 150 208 -1
148 32 251 150 281 161 211 292 237 -1
149 57 217 41 172 38 175 174 -1
150 223 86 27 201 268 34 130 -1
151 161 297 270 201 96 40 287 -1
152 283 249 14 93 156 234 63 -1
153 42 134 77 89 198 159 40 57 -1
154 202 131 82 34 219 244 -1
155 116 148 3 86 168 120 -1
156 214 41 191 122 14 85 -1
157 145 68 65 224 4 55 161 297 186 -1
158 129 149 167 113 252 296 222 288 292 -1
159 236 67 173 232 272 28 63 -1
160 92 146 293 298 113 234 71 238 -1
161 111 272 75 66 172 185 50 187 -1
162 149 174 272 93 88 228 198 -1
163 207 9 119 182 126 214 -1
164 245 67 136 278 44 103 -1
165 271 127 150 138 264 206 122 104 -1
166 193 2 110 25 210 179 95 242 -1
167 173 85 116 283 97 49 15 -1
168 18 299 186 140 235 6 33 238 -1
169 61 267 275 118 47 282 -1
170 148 199 216 73 241 276 63 253 175 -1
171 203 131 252 294 36 262 69 -1
172 19 38 157 12 261 254 -1
173 229 179 154 6 54 36 214 233 -1
174 106 283 216 107 27 120 -1
175 252 134 297 30 126 288 141 216 221 -1
176 64 136 53 6 148 204 241 -1
177 198 237 52 158 38 253 98 69 -1
178 144 10 47 195 12 267 -1
179 266 133 164 232 103 10 92 159 -1
180 251 202 163 84 15 104 187 31 95 -1
181 140 230 216 89 190 76 -1
182 222 291 264 293 118 143 116 47 282 -1
183 28 210 287 242 129 141 243 85 7 -1
184 107 98 7 149 75 68 -1
185 106 12 137 162 83 65 133 124 -1
186 146 65 297 131 243 113 295 -1
187 92 223 253 299 108 53 -1
188 114 205 23 272 225 134 222 52 60 -1
189 170 159 109 173 122 193 -1
190 102 149 122 118 96 221 211 61 -1
191 73 61 77 242 228 130 165 -1
192 212 278 237 260 14 205 290 178 133 -1
193 97 171 263 51 10 159 130 113 148 -1
194 254 76 112 282 63 128 26 -1
195 255 144 20 175 81 9 207 -1
196 122 170 36 30 266 267 132 49 115 -1
197 256 279 43 25 150 299 265 -1
198 121 242 239 248 61 2 139 275 -1
199 91 134 93 104 207 44 132 178 -1
200 196 259 271 102 267 131 15 263 55 -1
201 21 46 166 196 255 261 -1
-1
1 45 0
2 78 0
3 12 0
4 80 0
5 5 0
6 100 2
7 100 10
8 100 56
9 100 78
10 100 99
11 1 100
12 5 100
13 7 100
14 45 100
15 78 100
16 0 5
17 0 78
18 0 99
19 0 50 
20 0 25
-1
